home = ( 0.002556634649, -1.963836064, 0.02052544839, 3.146021578, 0.01510259391, -0.01715844493, 0.02486425659 );
zeroangle = ( 3.911651009, 3.831884008, 2.765767361, 5.464039566, 3.028078075, 4.014427722, 6.183476556 );
