home = ( 0.003214054987, -2.002144858, 0.01195037217, 3.168690404, 0.01684216019, -0.06080573333, 0.02681640897 );
zeroangle = ( 2.233476027, 4.086524819, 4.979301637, 3.848757797, 0.9786797427, 3.52355387, 0.9495341077 );
